[gd_scene load_steps=3 format=3 uid="uid://ddnj32by6ko8x"]

[ext_resource type="PackedScene" uid="uid://cjaobi3ouiohh" path="res://blend/lizard.blend" id="1_7ohrs"]
[ext_resource type="Script" path="res://addons/jigglebones/jigglebone.gd" id="2_wfvxo"]

[node name="Lizard" instance=ExtResource("1_7ohrs")]

[node name="Skeleton3D" parent="Armature" index="0"]
bones/1/position = Vector3(0.00271953, 0.977648, 1.18874e-10)
bones/1/rotation = Quaternion(0.0350354, -5.39199e-18, 3.82784e-17, 0.999386)
bones/2/rotation = Quaternion(-0.252339, -0.659507, -0.142054, 0.693683)
bones/3/rotation = Quaternion(0.0682413, 0.00788668, -0.350637, 0.933988)
bones/4/rotation = Quaternion(0.488436, 0.490622, 0.596033, 0.406773)
bones/5/rotation = Quaternion(-0.138918, 0.001133, 0.805129, 0.5766)
bones/13/rotation = Quaternion(0.301787, -2.49263e-17, 7.33382e-17, 0.953375)
bones/17/rotation = Quaternion(-0.224985, 0.66623, 0.185672, 0.686327)
bones/18/rotation = Quaternion(0.0709974, -0.007839, 0.364799, 0.928342)
bones/19/rotation = Quaternion(-0.656114, 0.258669, 0.680789, -0.197815)
bones/20/rotation = Quaternion(-0.0613522, -0.0018312, -0.355581, 0.932628)
bones/21/position = Vector3(0.39283, 1.67455, 0.176966)
bones/21/rotation = Quaternion(0.199656, 0.00118195, 0.654792, 0.728961)
bones/22/position = Vector3(3.78403e-06, -1.27982e-06, 3.17028e-07)
bones/23/position = Vector3(-0.0154896, 0.390546, 0.936588)
bones/24/position = Vector3(0.117081, 0.315252, 0.193247)
bones/24/rotation = Quaternion(0.0815208, 0.565375, -0.446368, 0.688811)
bones/25/position = Vector3(1.12343e-05, -1.21872e-05, 1.15276e-05)
bones/26/position = Vector3(0.231109, 1.43335, -0.567281)
bones/27/position = Vector3(-0.39283, 1.65703, 0.216387)
bones/27/rotation = Quaternion(0.356662, 0.144364, -0.63868, 0.666362)
bones/28/position = Vector3(-3.66588e-06, -1.19046e-06, 3.29972e-07)
bones/30/position = Vector3(-0.130222, 0.0332749, 0.185424)
bones/30/rotation = Quaternion(-0.0380573, -0.480261, 0.536883, 0.692574)
bones/31/position = Vector3(-1.29494e-07, 2.50824e-07, 6.5252e-07)
bones/32/position = Vector3(-0.231109, 1.43335, -0.567281)

[node name="JiggleboneTail" type="Node3D" parent="Armature/Skeleton3D" index="1"]
transform = Transform3D(1, -6.13563e-10, -1.32005e-13, -2.86339e-10, -0.466872, 0.884325, -5.4265e-10, -0.884325, -0.466872, 0.00271953, 0.339584, -1.01005)
top_level = true
script = ExtResource("2_wfvxo")
bone_name = "Tail0"
stiffness = 0.5
forward_axis = 1

[node name="JiggleboneEarLeft" type="Node3D" parent="Armature/Skeleton3D" index="2"]
transform = Transform3D(0.705446, 0.585902, -0.398829, -0.218977, 0.715351, 0.663567, 0.674088, -0.380777, 0.632941, 0.815188, 2.34607, -0.20207)
top_level = true
script = ExtResource("2_wfvxo")
bone_name = "Ear.L"
stiffness = 0.5
forward_axis = 1

[node name="JiggleboneEarRight" type="Node3D" parent="Armature/Skeleton3D" index="3"]
transform = Transform3D(0.705446, -0.585902, 0.398829, 0.218977, 0.715351, 0.663567, -0.674088, -0.380777, 0.632941, -0.815188, 2.34607, -0.20207)
top_level = true
script = ExtResource("2_wfvxo")
bone_name = "Ear.R"
stiffness = 0.5
forward_axis = 1

[node name="JiggleboneHair" type="Node3D" parent="Armature/Skeleton3D" index="4"]
transform = Transform3D(1, 7.69068e-10, 3.57929e-13, 7.40701e-10, -0.96324, 0.268643, 2.0695e-10, -0.268643, -0.96324, 0.00271953, 0.525993, -0.300767)
top_level = true
script = ExtResource("2_wfvxo")
bone_name = "Hair"
stiffness = 0.5
forward_axis = 1
